time	V(vinput)
0.000000000000000e+000	0.000000e+000
1.142857156212683e-007	7.180789e-003
2.285714312425366e-007	1.436157e-002
3.428571468638050e-007	2.154233e-002
4.571428624850733e-007	2.872308e-002
5.714285781063416e-007	3.590382e-002
6.857142937276099e-007	4.308455e-002
8.000000093488779e-007	5.026527e-002
1.600000018697756e-006	1.005293e-001
2.832046092207796e-006	1.779333e-001
4.664060846415633e-006	2.930096e-001
7.163611562529998e-006	4.499510e-001
1.057416167799984e-005	6.639055e-001
1.505231378255121e-005	9.443555e-001
2.099363613123081e-005	1.315247e+000
2.879738635623472e-005	1.799536e+000
3.856301135623472e-005	2.399347e+000
4.832863635623472e-005	2.990126e+000
5.809426135623473e-005	3.569652e+000
6.785988635623472e-005	4.135742e+000
7.762551135623472e-005	4.686266e+000
9.715676135623471e-005	5.732395e+000
1.166880113562347e-004	6.692303e+000
1.362192613562347e-004	7.551552e+000
1.557505113562347e-004	8.297219e+000
1.752817613562347e-004	8.918089e+000
1.948130113562348e-004	9.404821e+000
2.143442613562348e-004	9.750097e+000
2.338755113562348e-004	9.948722e+000
2.534067613562348e-004	9.997709e+000
2.729380113562348e-004	9.896321e+000
2.924692613562348e-004	9.646084e+000
3.120005113562349e-004	9.250760e+000
3.315317613562349e-004	8.716296e+000
3.510630113562349e-004	8.050731e+000
3.705942613562349e-004	7.264076e+000
3.901255113562349e-004	6.368162e+000
4.096567613562349e-004	5.376464e+000
4.291880113562350e-004	4.303900e+000
4.487192613562350e-004	3.166602e+000
4.682505113562350e-004	1.981674e+000
4.877817613562350e-004	7.669407e-001
5.073130113562350e-004	-4.593284e-001
5.268442613562350e-004	-1.678689e+000
5.463755113562350e-004	-2.872800e+000
5.659067613562350e-004	-4.023702e+000
5.854380113562351e-004	-5.114083e+000
6.049692613562351e-004	-6.127544e+000
6.245005113562351e-004	-7.048841e+000
6.440317613562351e-004	-7.864117e+000
6.635630113562351e-004	-8.561110e+000
6.830942613562351e-004	-9.129334e+000
7.026255113562352e-004	-9.560246e+000
7.221567613562352e-004	-9.847363e+000
7.416880113562352e-004	-9.986365e+000
7.612192613562352e-004	-9.975164e+000
7.807505113562352e-004	-9.813927e+000
8.002817613562352e-004	-9.505079e+000
8.198130113562353e-004	-9.053267e+000
8.393442613562353e-004	-8.465284e+000
8.588755113562353e-004	-7.749976e+000
8.784067613562353e-004	-6.918101e+000
8.979380113562353e-004	-5.982172e+000
9.174692613562353e-004	-4.956264e+000
9.370005113562354e-004	-3.855810e+000
9.565317613562354e-004	-2.697361e+000
9.760630113562354e-004	-1.498342e+000
9.955942613562353e-004	-2.767854e-001
1.015125511356235e-003	9.489340e-001
1.034656761356235e-003	2.160380e+000
1.054188011356235e-003	3.339333e+000
1.073719261356235e-003	4.468059e+000
1.093250511356235e-003	5.529580e+000
1.112781761356235e-003	6.507932e+000
1.132313011356235e-003	7.388399e+000
1.151844261356235e-003	8.157737e+000
1.171375511356236e-003	8.804375e+000
1.190906761356236e-003	9.318587e+000
1.210438011356236e-003	9.692639e+000
1.229969261356236e-003	9.920905e+000
1.249500511356236e-003	9.999950e+000
1.269031761356236e-003	9.928588e+000
1.288563011356236e-003	9.707891e+000
1.308094261356236e-003	9.341177e+000
1.327625511356236e-003	8.833963e+000
1.347156761356236e-003	8.193879e+000
1.366688011356236e-003	7.430551e+000
1.386219261356236e-003	6.555460e+000
1.405750511356236e-003	5.581769e+000
1.425281761356236e-003	4.524124e+000
1.444813011356236e-003	3.398431e+000
1.464344261356236e-003	2.221623e+000
1.483875511356236e-003	1.011399e+000
1.503406761356236e-003	-2.140368e-001
1.522938011356236e-003	-1.436253e+000
1.542469261356236e-003	-2.636868e+000
1.562000511356236e-003	-3.797821e+000
1.581531761356236e-003	-4.901651e+000
1.601063011356236e-003	-5.931756e+000
1.620594261356236e-003	-6.872642e+000
1.640125511356236e-003	-7.710157e+000
1.659656761356236e-003	-8.431704e+000
1.679188011356236e-003	-9.026430e+000
1.698719261356236e-003	-9.485391e+000
1.718250511356236e-003	-9.801682e+000
1.737781761356236e-003	-9.970547e+000
1.757313011356236e-003	-9.989446e+000
1.776844261356236e-003	-9.858093e+000
1.796375511356236e-003	-9.578466e+000
1.815906761356236e-003	-9.154771e+000
1.835438011356236e-003	-8.593378e+000
1.854969261356236e-003	-7.902734e+000
1.874500511356236e-003	-7.093225e+000
1.894031761356236e-003	-6.177027e+000
1.913563011356236e-003	-5.167921e+000
1.933094261356236e-003	-4.081085e+000
1.952625511356236e-003	-2.932865e+000
1.972156761356236e-003	-1.740532e+000
1.991688011356236e-003	-5.220203e-001
2.011219261356235e-003	7.043433e-001
2.030750511356235e-003	1.920113e+000
2.050281761356234e-003	3.107002e+000
2.069813011356234e-003	4.247159e+000
2.089344261356234e-003	5.323435e+000
2.108875511356233e-003	6.319642e+000
2.128406761356233e-003	7.220795e+000
2.147938011356232e-003	8.013341e+000
2.167469261356232e-003	8.685358e+000
2.187000511356231e-003	9.226740e+000
2.206531761356231e-003	9.629343e+000
2.226063011356231e-003	9.887112e+000
2.245594261356230e-003	9.996169e+000
2.265125511356230e-003	9.954874e+000
2.284656761356229e-003	9.763849e+000
2.304188011356229e-003	9.425967e+000
2.323719261356229e-003	8.946309e+000
2.343250511356228e-003	8.332091e+000
2.362781761356228e-003	7.592550e+000
2.382313011356227e-003	6.738810e+000
2.401844261356227e-003	5.783712e+000
2.421375511356226e-003	4.741622e+000
2.440906761356226e-003	3.628213e+000
2.460438011356226e-003	2.460233e+000
2.479969261356225e-003	1.255248e+000
2.499500511356225e-003	3.138375e-002
2.519031761356224e-003	-1.192953e+000
2.538563011356224e-003	-2.399347e+000
2.558094261356224e-003	-3.569652e+000
2.577625511356223e-003	-4.686266e+000
2.597156761356223e-003	-5.732395e+000
2.616688011356222e-003	-6.692303e+000
2.636219261356222e-003	-7.551552e+000
2.655750511356221e-003	-8.297219e+000
2.675281761356221e-003	-8.918089e+000
2.694813011356221e-003	-9.404821e+000
2.714344261356220e-003	-9.750097e+000
2.733875511356220e-003	-9.948722e+000
2.753406761356219e-003	-9.997709e+000
2.772938011356219e-003	-9.896321e+000
2.792469261356219e-003	-9.646084e+000
2.812000511356218e-003	-9.250760e+000
2.831531761356218e-003	-8.716296e+000
2.851063011356217e-003	-8.050731e+000
2.870594261356217e-003	-7.264076e+000
2.890125511356216e-003	-6.368162e+000
2.909656761356216e-003	-5.376464e+000
2.929188011356216e-003	-4.303900e+000
2.948719261356215e-003	-3.166602e+000
2.968250511356215e-003	-1.981674e+000
2.987781761356214e-003	-7.669407e-001
3.007313011356214e-003	4.593284e-001
3.026844261356214e-003	1.678689e+000
3.046375511356213e-003	2.872800e+000
3.065906761356213e-003	4.023702e+000
3.085438011356212e-003	5.114083e+000
3.104969261356212e-003	6.127544e+000
3.124500511356211e-003	7.048841e+000
3.144031761356211e-003	7.864117e+000
3.163563011356211e-003	8.561110e+000
3.183094261356210e-003	9.129334e+000
3.202625511356210e-003	9.560246e+000
3.222156761356209e-003	9.847363e+000
3.241688011356209e-003	9.986365e+000
3.261219261356209e-003	9.975164e+000
3.280750511356208e-003	9.813927e+000
3.300281761356208e-003	9.505079e+000
3.319813011356207e-003	9.053267e+000
3.339344261356207e-003	8.465284e+000
3.358875511356206e-003	7.749976e+000
3.378406761356206e-003	6.918101e+000
3.397938011356206e-003	5.982172e+000
3.417469261356205e-003	4.956264e+000
3.437000511356205e-003	3.855810e+000
3.456531761356204e-003	2.697361e+000
3.476063011356204e-003	1.498342e+000
3.495594261356204e-003	2.767854e-001
3.515125511356203e-003	-9.489340e-001
3.534656761356203e-003	-2.160380e+000
3.554188011356202e-003	-3.339333e+000
3.573719261356202e-003	-4.468059e+000
3.593250511356201e-003	-5.529580e+000
3.612781761356201e-003	-6.507932e+000
3.632313011356201e-003	-7.388399e+000
3.651844261356200e-003	-8.157737e+000
3.671375511356200e-003	-8.804375e+000
3.690906761356199e-003	-9.318587e+000
3.710438011356199e-003	-9.692639e+000
3.729969261356199e-003	-9.920905e+000
3.749500511356198e-003	-9.999950e+000
3.769031761356198e-003	-9.928588e+000
3.788563011356197e-003	-9.707891e+000
3.808094261356197e-003	-9.341177e+000
3.827625511356196e-003	-8.833963e+000
3.847156761356196e-003	-8.193879e+000
3.866688011356196e-003	-7.430551e+000
3.886219261356195e-003	-6.555460e+000
3.905750511356195e-003	-5.581769e+000
3.925281761356194e-003	-4.524124e+000
3.944813011356194e-003	-3.398431e+000
3.964344261356194e-003	-2.221623e+000
3.983875511356193e-003	-1.011399e+000
4.003406761356193e-003	2.140368e-001
4.022938011356192e-003	1.436253e+000
4.042469261356192e-003	2.636868e+000
4.062000511356191e-003	3.797821e+000
4.081531761356191e-003	4.901651e+000
4.101063011356191e-003	5.931756e+000
4.120594261356190e-003	6.872642e+000
4.140125511356190e-003	7.710157e+000
4.159656761356189e-003	8.431704e+000
4.179188011356189e-003	9.026430e+000
4.198719261356189e-003	9.485391e+000
4.218250511356188e-003	9.801682e+000
4.237781761356188e-003	9.970547e+000
4.257313011356187e-003	9.989446e+000
4.276844261356187e-003	9.858093e+000
4.296375511356186e-003	9.578466e+000
4.315906761356186e-003	9.154771e+000
4.335438011356186e-003	8.593378e+000
4.354969261356185e-003	7.902734e+000
4.374500511356185e-003	7.093225e+000
4.394031761356184e-003	6.177027e+000
4.413563011356184e-003	5.167921e+000
4.433094261356184e-003	4.081085e+000
4.452625511356183e-003	2.932865e+000
4.472156761356183e-003	1.740532e+000
4.491688011356182e-003	5.220203e-001
4.511219261356182e-003	-7.043433e-001
4.530750511356181e-003	-1.920113e+000
4.550281761356181e-003	-3.107002e+000
4.569813011356181e-003	-4.247159e+000
4.589344261356180e-003	-5.323435e+000
4.608875511356180e-003	-6.319642e+000
4.628406761356179e-003	-7.220795e+000
4.647938011356179e-003	-8.013341e+000
4.667469261356179e-003	-8.685358e+000
4.687000511356178e-003	-9.226740e+000
4.706531761356178e-003	-9.629343e+000
4.726063011356177e-003	-9.887112e+000
4.745594261356177e-003	-9.996169e+000
4.765125511356176e-003	-9.954874e+000
4.784656761356176e-003	-9.763849e+000
4.804188011356176e-003	-9.425967e+000
4.823719261356175e-003	-8.946309e+000
4.843250511356175e-003	-8.332091e+000
4.862781761356174e-003	-7.592550e+000
4.882313011356174e-003	-6.738810e+000
4.901844261356174e-003	-5.783712e+000
4.921375511356173e-003	-4.741622e+000
4.940906761356173e-003	-3.628213e+000
4.960438011356172e-003	-2.460233e+000
4.979969261356172e-003	-1.255248e+000
4.999500511356171e-003	-3.138375e-002
5.019031761356171e-003	1.192953e+000
5.038563011356171e-003	2.399347e+000
5.058094261356170e-003	3.569652e+000
5.077625511356170e-003	4.686266e+000
5.097156761356169e-003	5.732395e+000
5.116688011356169e-003	6.692303e+000
5.136219261356169e-003	7.551552e+000
5.155750511356168e-003	8.297219e+000
5.175281761356168e-003	8.918089e+000
5.194813011356167e-003	9.404821e+000
5.214344261356167e-003	9.750097e+000
5.233875511356166e-003	9.948722e+000
5.253406761356166e-003	9.997709e+000
5.272938011356166e-003	9.896321e+000
5.292469261356165e-003	9.646084e+000
5.312000511356165e-003	9.250760e+000
5.331531761356164e-003	8.716296e+000
5.351063011356164e-003	8.050731e+000
5.370594261356164e-003	7.264076e+000
5.390125511356163e-003	6.368162e+000
5.409656761356163e-003	5.376464e+000
5.429188011356162e-003	4.303900e+000
5.448719261356162e-003	3.166602e+000
5.468250511356161e-003	1.981674e+000
5.487781761356161e-003	7.669407e-001
5.507313011356161e-003	-4.593284e-001
5.526844261356160e-003	-1.678689e+000
5.546375511356160e-003	-2.872800e+000
5.565906761356159e-003	-4.023702e+000
5.585438011356159e-003	-5.114083e+000
5.604969261356159e-003	-6.127544e+000
5.624500511356158e-003	-7.048841e+000
5.644031761356158e-003	-7.864117e+000
5.663563011356157e-003	-8.561110e+000
5.683094261356157e-003	-9.129334e+000
5.702625511356156e-003	-9.560246e+000
5.722156761356156e-003	-9.847363e+000
5.741688011356156e-003	-9.986365e+000
5.761219261356155e-003	-9.975164e+000
5.780750511356155e-003	-9.813927e+000
5.800281761356154e-003	-9.505079e+000
5.819813011356154e-003	-9.053267e+000
5.839344261356154e-003	-8.465284e+000
5.858875511356153e-003	-7.749976e+000
5.878406761356153e-003	-6.918101e+000
5.897938011356152e-003	-5.982172e+000
5.917469261356152e-003	-4.956264e+000
5.937000511356151e-003	-3.855810e+000
5.956531761356151e-003	-2.697361e+000
5.976063011356151e-003	-1.498342e+000
5.995594261356150e-003	-2.767854e-001
6.015125511356150e-003	9.489340e-001
6.034656761356149e-003	2.160380e+000
6.054188011356149e-003	3.339333e+000
6.073719261356149e-003	4.468059e+000
6.093250511356148e-003	5.529580e+000
6.112781761356148e-003	6.507932e+000
6.132313011356147e-003	7.388399e+000
6.151844261356147e-003	8.157737e+000
6.171375511356146e-003	8.804375e+000
6.190906761356146e-003	9.318587e+000
6.210438011356146e-003	9.692639e+000
6.229969261356145e-003	9.920905e+000
6.249500511356145e-003	9.999950e+000
6.269031761356144e-003	9.928588e+000
6.288563011356144e-003	9.707891e+000
6.308094261356144e-003	9.341177e+000
6.327625511356143e-003	8.833963e+000
6.347156761356143e-003	8.193879e+000
6.366688011356142e-003	7.430551e+000
6.386219261356142e-003	6.555460e+000
6.405750511356141e-003	5.581769e+000
6.425281761356141e-003	4.524124e+000
6.444813011356141e-003	3.398431e+000
6.464344261356140e-003	2.221623e+000
6.483875511356140e-003	1.011399e+000
6.503406761356139e-003	-2.140368e-001
6.522938011356139e-003	-1.436253e+000
6.542469261356139e-003	-2.636868e+000
6.562000511356138e-003	-3.797821e+000
6.581531761356138e-003	-4.901651e+000
6.601063011356137e-003	-5.931756e+000
6.620594261356137e-003	-6.872642e+000
6.640125511356136e-003	-7.710157e+000
6.659656761356136e-003	-8.431704e+000
6.679188011356136e-003	-9.026430e+000
6.698719261356135e-003	-9.485391e+000
6.718250511356135e-003	-9.801682e+000
6.737781761356134e-003	-9.970547e+000
6.757313011356134e-003	-9.989446e+000
6.776844261356134e-003	-9.858093e+000
6.796375511356133e-003	-9.578466e+000
6.815906761356133e-003	-9.154771e+000
6.835438011356132e-003	-8.593378e+000
6.854969261356132e-003	-7.902734e+000
6.874500511356132e-003	-7.093225e+000
6.894031761356131e-003	-6.177027e+000
6.913563011356131e-003	-5.167921e+000
6.933094261356130e-003	-4.081085e+000
6.952625511356130e-003	-2.932865e+000
6.972156761356129e-003	-1.740532e+000
6.991688011356129e-003	-5.220203e-001
7.011219261356129e-003	7.043433e-001
7.030750511356128e-003	1.920113e+000
7.050281761356128e-003	3.107002e+000
7.069813011356127e-003	4.247159e+000
7.089344261356127e-003	5.323435e+000
7.108875511356127e-003	6.319642e+000
7.128406761356126e-003	7.220795e+000
7.147938011356126e-003	8.013341e+000
7.167469261356125e-003	8.685358e+000
7.187000511356125e-003	9.226740e+000
7.206531761356124e-003	9.629343e+000
7.226063011356124e-003	9.887112e+000
7.245594261356124e-003	9.996169e+000
7.265125511356123e-003	9.954874e+000
7.284656761356123e-003	9.763849e+000
7.304188011356122e-003	9.425967e+000
7.323719261356122e-003	8.946309e+000
7.343250511356122e-003	8.332091e+000
7.362781761356121e-003	7.592550e+000
7.382313011356121e-003	6.738810e+000
7.401844261356120e-003	5.783712e+000
7.421375511356120e-003	4.741622e+000
7.440906761356119e-003	3.628213e+000
7.460438011356119e-003	2.460233e+000
7.479969261356119e-003	1.255248e+000
7.499500511356118e-003	3.138375e-002
7.519031761356118e-003	-1.192953e+000
7.538563011356117e-003	-2.399347e+000
7.558094261356117e-003	-3.569652e+000
7.577625511356117e-003	-4.686266e+000
7.597156761356116e-003	-5.732395e+000
7.616688011356116e-003	-6.692303e+000
7.636219261356115e-003	-7.551552e+000
7.655750511356115e-003	-8.297219e+000
7.675281761356114e-003	-8.918089e+000
7.694813011356114e-003	-9.404821e+000
7.714344261356114e-003	-9.750097e+000
7.733875511356113e-003	-9.948722e+000
7.753406761356113e-003	-9.997709e+000
7.772938011356112e-003	-9.896321e+000
7.792469261356112e-003	-9.646084e+000
7.812000511356112e-003	-9.250760e+000
7.831531761356111e-003	-8.716296e+000
7.851063011356111e-003	-8.050731e+000
7.870594261356110e-003	-7.264076e+000
7.890125511356110e-003	-6.368162e+000
7.909656761356109e-003	-5.376464e+000
7.929188011356109e-003	-4.303900e+000
7.948719261356109e-003	-3.166602e+000
7.968250511356108e-003	-1.981674e+000
7.987781761356108e-003	-7.669407e-001
8.007313011356107e-003	4.593284e-001
8.026844261356107e-003	1.678689e+000
8.046375511356107e-003	2.872800e+000
8.065906761356106e-003	4.023702e+000
8.085438011356106e-003	5.114083e+000
8.104969261356105e-003	6.127544e+000
8.124500511356105e-003	7.048841e+000
8.144031761356104e-003	7.864117e+000
8.163563011356104e-003	8.561110e+000
8.183094261356104e-003	9.129334e+000
8.202625511356103e-003	9.560246e+000
8.222156761356103e-003	9.847363e+000
8.241688011356102e-003	9.986365e+000
8.261219261356102e-003	9.975164e+000
8.280750511356102e-003	9.813927e+000
8.300281761356101e-003	9.505079e+000
8.319813011356101e-003	9.053267e+000
8.339344261356100e-003	8.465284e+000
8.358875511356100e-003	7.749976e+000
8.378406761356099e-003	6.918101e+000
8.397938011356099e-003	5.982172e+000
8.417469261356099e-003	4.956264e+000
8.437000511356098e-003	3.855810e+000
8.456531761356098e-003	2.697361e+000
8.476063011356097e-003	1.498342e+000
8.495594261356097e-003	2.767854e-001
8.515125511356097e-003	-9.489340e-001
8.534656761356096e-003	-2.160380e+000
8.554188011356096e-003	-3.339333e+000
8.573719261356095e-003	-4.468059e+000
8.593250511356095e-003	-5.529580e+000
8.612781761356094e-003	-6.507932e+000
8.632313011356094e-003	-7.388399e+000
8.651844261356094e-003	-8.157737e+000
8.671375511356093e-003	-8.804375e+000
8.690906761356093e-003	-9.318587e+000
8.710438011356092e-003	-9.692639e+000
8.729969261356092e-003	-9.920905e+000
8.749500511356092e-003	-9.999950e+000
8.769031761356091e-003	-9.928588e+000
8.788563011356091e-003	-9.707891e+000
8.808094261356090e-003	-9.341177e+000
8.827625511356090e-003	-8.833963e+000
8.847156761356089e-003	-8.193879e+000
8.866688011356089e-003	-7.430551e+000
8.886219261356089e-003	-6.555460e+000
8.905750511356088e-003	-5.581769e+000
8.925281761356088e-003	-4.524124e+000
8.944813011356087e-003	-3.398431e+000
8.964344261356087e-003	-2.221623e+000
8.983875511356087e-003	-1.011399e+000
9.003406761356086e-003	2.140368e-001
9.022938011356086e-003	1.436253e+000
9.042469261356085e-003	2.636868e+000
9.062000511356085e-003	3.797821e+000
9.081531761356084e-003	4.901651e+000
9.101063011356084e-003	5.931756e+000
9.120594261356084e-003	6.872642e+000
9.140125511356083e-003	7.710157e+000
9.159656761356083e-003	8.431704e+000
9.179188011356082e-003	9.026430e+000
9.198719261356082e-003	9.485391e+000
9.218250511356082e-003	9.801682e+000
9.237781761356081e-003	9.970547e+000
9.257313011356081e-003	9.989446e+000
9.276844261356080e-003	9.858093e+000
9.296375511356080e-003	9.578466e+000
9.315906761356079e-003	9.154771e+000
9.335438011356079e-003	8.593378e+000
9.354969261356079e-003	7.902734e+000
9.374500511356078e-003	7.093225e+000
9.394031761356078e-003	6.177027e+000
9.413563011356077e-003	5.167921e+000
9.433094261356077e-003	4.081085e+000
9.452625511356077e-003	2.932865e+000
9.472156761356076e-003	1.740532e+000
9.491688011356076e-003	5.220203e-001
9.511219261356075e-003	-7.043433e-001
9.530750511356075e-003	-1.920113e+000
9.550281761356074e-003	-3.107002e+000
9.569813011356074e-003	-4.247159e+000
9.589344261356074e-003	-5.323435e+000
9.608875511356073e-003	-6.319642e+000
9.628406761356073e-003	-7.220795e+000
9.647938011356072e-003	-8.013341e+000
9.667469261356072e-003	-8.685358e+000
9.687000511356072e-003	-9.226740e+000
9.706531761356071e-003	-9.629343e+000
9.726063011356071e-003	-9.887112e+000
9.745594261356070e-003	-9.996169e+000
9.765125511356070e-003	-9.954874e+000
9.784656761356069e-003	-9.763849e+000
9.804188011356069e-003	-9.425967e+000
9.823719261356069e-003	-8.946309e+000
9.843250511356068e-003	-8.332091e+000
9.862781761356068e-003	-7.592550e+000
9.882313011356067e-003	-6.738810e+000
9.901844261356067e-003	-5.783712e+000
9.921375511356067e-003	-4.741622e+000
9.940906761356066e-003	-3.628213e+000
9.960438011356066e-003	-2.460233e+000
9.979969261356065e-003	-1.255248e+000
9.999500511356065e-003	-3.138375e-002
1.000000000000000e-002	-2.449294e-014
